# p [bar] T[K] SO4AER[mol/mol] S8AER[mol/mol]
4.873999999999999999e-01 2.000000000000000000e+02 2.291999999999999877e-07 7.581000000000000187e-09
4.637000000000000011e-01 2.000000000000000000e+02 2.462999999999999754e-07 8.089999999999999981e-09
4.410999999999999921e-01 2.000000000000000000e+02 2.772999999999999751e-07 9.050999999999999454e-09
4.197000000000000175e-01 2.000000000000000000e+02 3.242000000000000046e-07 1.050999999999999948e-08
3.992999999999999883e-01 2.000000000000000000e+02 3.858999999999999814e-07 1.240999999999999995e-08
3.798000000000000265e-01 2.000000000000000000e+02 4.597000000000000202e-07 1.466000000000000025e-08
3.613999999999999990e-01 2.000000000000000000e+02 5.444000000000000308e-07 1.719999999999999851e-08
3.437999999999999945e-01 2.000000000000000000e+02 6.392999999999999608e-07 2.000000000000000042e-08
3.271000000000000019e-01 2.000000000000000000e+02 7.438999999999999842e-07 2.300999999999999892e-08
3.111999999999999766e-01 2.000000000000000000e+02 8.578999999999999727e-07 2.619999999999999969e-08
2.960999999999999743e-01 2.000000000000000000e+02 9.807999999999999946e-07 2.953000000000000039e-08
2.817000000000000060e-01 2.000000000000000000e+02 1.111999999999999899e-06 3.295999999999999868e-08
2.681000000000000050e-01 2.000000000000000000e+02 1.252000000000000041e-06 3.641999999999999790e-08
2.550999999999999934e-01 2.000000000000000000e+02 1.397999999999999998e-06 3.986000000000000091e-08
2.426999999999999991e-01 2.000000000000000000e+02 1.551000000000000058e-06 4.332999999999999823e-08
2.308999999999999941e-01 2.000000000000000000e+02 1.709000000000000070e-06 4.701000000000000207e-08
2.197000000000000064e-01 2.000000000000000000e+02 1.870000000000000095e-06 5.085000000000000204e-08
2.091000000000000081e-01 2.000000000000000000e+02 2.031000000000000121e-06 5.477000000000000008e-08
1.990000000000000102e-01 2.000000000000000000e+02 2.190000000000000208e-06 5.871000000000000095e-08
1.892999999999999960e-01 2.000000000000000000e+02 2.352000000000000097e-06 6.274000000000000461e-08
1.801999999999999991e-01 2.000000000000000000e+02 2.522999999999999815e-06 6.700000000000000438e-08
1.713999999999999968e-01 2.000000000000000000e+02 2.726999999999999895e-06 7.204000000000000186e-08
1.630999999999999950e-01 2.000000000000000000e+02 3.008999999999999905e-06 7.886000000000000602e-08
1.552000000000000046e-01 2.000000000000000000e+02 3.330999999999999956e-06 8.622000000000000046e-08
1.476999999999999980e-01 2.000000000000000000e+02 3.532999999999999886e-06 8.978000000000000057e-08
1.406000000000000028e-01 2.000000000000000000e+02 3.413999999999999839e-06 8.570000000000000639e-08
1.338000000000000023e-01 2.000000000000000000e+02 2.928999999999999824e-06 7.978000000000000367e-08
1.272999999999999965e-01 2.000000000000000000e+02 2.347999999999999796e-06 7.249999999999999407e-08
1.212000000000000022e-01 2.000000000000000000e+02 1.841000000000000034e-06 6.499999999999999971e-08
1.152999999999999997e-01 2.000000000000000000e+02 1.435000000000000025e-06 5.779000000000000330e-08
1.097999999999999948e-01 2.000000000000000000e+02 1.111000000000000035e-06 5.086000000000000014e-08
1.044999999999999957e-01 2.000000000000000000e+02 8.591999999999999645e-07 4.443000000000000146e-08
9.941999999999999449e-02 2.000000000000000000e+02 6.670000000000000302e-07 3.864000000000000057e-08
9.463000000000000578e-02 2.000000000000000000e+02 5.232000000000000263e-07 3.358999999999999836e-08
9.006000000000000116e-02 2.000000000000000000e+02 4.162999999999999889e-07 2.928999999999999956e-08
8.572000000000000453e-02 2.000000000000000000e+02 3.357999999999999761e-07 2.563999999999999997e-08
8.158999999999999586e-02 2.000000000000000000e+02 2.740999999999999993e-07 2.253999999999999868e-08
7.766000000000000680e-02 2.000000000000000000e+02 2.264999999999999966e-07 1.989999999999999952e-08
7.391999999999999960e-02 2.000000000000000000e+02 1.896000000000000037e-07 1.769000000000000157e-08
7.036000000000000587e-02 2.000000000000000000e+02 1.608999999999999916e-07 1.584999999999999965e-08
6.697000000000000175e-02 2.000000000000000000e+02 1.383999999999999952e-07 1.431000000000000042e-08
6.375000000000000111e-02 2.000000000000000000e+02 1.205000000000000004e-07 1.302000000000000012e-08
6.067999999999999783e-02 2.000000000000000000e+02 1.059000000000000020e-07 1.192000000000000020e-08
5.775999999999999884e-02 2.000000000000000000e+02 9.390000000000000041e-08 1.097999999999999972e-08
5.498999999999999722e-02 2.000000000000000000e+02 8.398999999999999968e-08 1.016999999999999942e-08
5.233999999999999764e-02 2.000000000000000000e+02 7.569999999999999626e-08 9.479000000000000044e-09
4.982999999999999929e-02 2.000000000000000000e+02 6.869999999999999975e-08 8.877000000000000675e-09
4.742999999999999994e-02 2.000000000000000000e+02 6.271999999999999517e-08 8.348999999999999190e-09
4.515000000000000263e-02 2.000000000000000000e+02 5.756999999999999869e-08 7.885000000000000792e-09
4.299000000000000044e-02 2.000000000000000000e+02 5.309999999999999903e-08 7.473000000000000147e-09
4.091999999999999804e-02 2.000000000000000000e+02 4.918999999999999909e-08 7.106000000000000070e-09
3.896000000000000157e-02 2.000000000000000000e+02 4.572999999999999987e-08 6.775999999999999762e-09
3.708999999999999797e-02 2.000000000000000000e+02 4.265000000000000141e-08 6.476000000000000384e-09
3.531000000000000111e-02 2.000000000000000000e+02 3.989999999999999994e-08 6.201999999999999883e-09
3.361999999999999711e-02 2.000000000000000000e+02 3.742000000000000023e-08 5.950000000000000340e-09
3.200999999999999679e-02 2.000000000000000000e+02 3.518999999999999946e-08 5.720000000000000100e-09
3.047000000000000056e-02 2.000000000000000000e+02 3.319000000000000140e-08 5.508999999999999898e-09
2.901000000000000106e-02 2.000000000000000000e+02 3.134999999999999948e-08 5.311000000000000375e-09
2.761999999999999872e-02 2.000000000000000000e+02 2.965999999999999891e-08 5.124000000000000090e-09
2.630000000000000046e-02 2.000000000000000000e+02 2.808999999999999874e-08 4.946000000000000084e-09
2.503999999999999976e-02 2.000000000000000000e+02 2.665000000000000041e-08 4.779000000000000144e-09
2.384000000000000008e-02 2.000000000000000000e+02 2.532000000000000107e-08 4.623000000000000269e-09
2.270000000000000143e-02 2.000000000000000000e+02 2.410000000000000074e-08 4.477000000000000153e-09
2.162000000000000033e-02 2.000000000000000000e+02 2.298000000000000129e-08 4.339000000000000009e-09
2.058000000000000107e-02 2.000000000000000000e+02 2.193999999999999992e-08 4.205999999999999745e-09
1.959999999999999937e-02 2.000000000000000000e+02 2.096000000000000041e-08 4.078999999999999666e-09
1.865999999999999950e-02 2.000000000000000000e+02 2.005999999999999897e-08 3.955999999999999987e-09
1.777000000000000107e-02 2.000000000000000000e+02 1.921999999999999939e-08 3.838000000000000188e-09
1.692000000000000101e-02 2.000000000000000000e+02 1.843999999999999836e-08 3.724999999999999855e-09
1.610999999999999932e-02 2.000000000000000000e+02 1.771000000000000109e-08 3.616999999999999814e-09
1.535000000000000080e-02 2.000000000000000000e+02 1.703000000000000096e-08 3.511999999999999866e-09
1.460999999999999972e-02 2.000000000000000000e+02 1.640000000000000127e-08 3.411999999999999798e-09
1.392000000000000008e-02 2.000000000000000000e+02 1.581999999999999872e-08 3.317999999999999916e-09
1.324999999999999963e-02 2.000000000000000000e+02 1.528999999999999993e-08 3.228999999999999913e-09
1.261999999999999927e-02 2.000000000000000000e+02 1.479000000000000042e-08 3.143999999999999896e-09
1.201999999999999943e-02 2.000000000000000000e+02 1.432999999999999994e-08 3.061999999999999973e-09
1.145000000000000011e-02 2.000000000000000000e+02 1.389000000000000063e-08 2.984000000000000035e-09
1.089999999999999997e-02 2.000000000000000000e+02 1.349000000000000036e-08 2.910000000000000084e-09
1.038000000000000034e-02 2.000000000000000000e+02 1.310999999999999960e-08 2.840000000000000119e-09
9.887999999999999221e-03 2.000000000000000000e+02 1.275999999999999978e-08 2.774000000000000140e-09
9.417000000000000023e-03 2.000000000000000000e+02 1.242999999999999947e-08 2.710999999999999841e-09
8.968999999999999542e-03 2.000000000000000000e+02 1.212000000000000033e-08 2.651000000000000048e-09
8.543000000000000246e-03 2.000000000000000000e+02 1.181999999999999930e-08 2.593999999999999934e-09
8.135999999999999135e-03 2.000000000000000000e+02 1.154999999999999920e-08 2.539999999999999914e-09
7.749999999999999944e-03 2.000000000000000000e+02 1.129000000000000051e-08 2.488999999999999987e-09
7.381000000000000408e-03 2.000000000000000000e+02 1.104999999999999969e-08 2.441000000000000153e-09
7.030999999999999923e-03 2.000000000000000000e+02 1.082000000000000027e-08 2.395999999999999998e-09
6.696999999999999828e-03 2.000000000000000000e+02 1.061000000000000038e-08 2.353999999999999936e-09
6.379000000000000122e-03 2.000000000000000000e+02 1.042000000000000000e-08 2.314000000000000074e-09
6.075999999999999804e-03 2.000000000000000000e+02 1.022999999999999962e-08 2.276999999999999892e-09
5.786999999999999610e-03 2.000000000000000000e+02 1.005000000000000066e-08 2.241000000000000016e-09
5.512999999999999672e-03 2.000000000000000000e+02 9.888000000000000596e-09 2.207999999999999820e-09
5.250999999999999591e-03 2.000000000000000000e+02 9.733999999999999680e-09 2.175999999999999930e-09
5.002000000000000370e-03 2.000000000000000000e+02 9.590000000000000177e-09 2.147000000000000134e-09
4.765000000000000138e-03 2.000000000000000000e+02 9.454999999999999300e-09 2.120000000000000124e-09
4.538999999999999632e-03 2.000000000000000000e+02 9.326000000000000262e-09 2.093000000000000114e-09
4.323999999999999719e-03 2.000000000000000000e+02 9.203999999999999236e-09 2.067999999999999890e-09
4.120000000000000398e-03 2.000000000000000000e+02 9.088000000000000050e-09 2.043000000000000079e-09
3.924000000000000404e-03 2.000000000000000000e+02 8.979000000000000530e-09 2.019000000000000162e-09
3.739000000000000136e-03 2.000000000000000000e+02 8.875999999999999541e-09 1.994999999999999832e-09
3.562000000000000062e-03 2.000000000000000000e+02 8.777999999999999259e-09 1.970999999999999915e-09
3.393000000000000183e-03 2.000000000000000000e+02 8.684999999999999684e-09 1.947999999999999891e-09
3.233000000000000197e-03 2.000000000000000000e+02 8.595000000000000201e-09 1.923999999999999973e-09
3.079999999999999839e-03 2.000000000000000000e+02 8.506999999999999678e-09 1.900999999999999949e-09
2.933999999999999976e-03 2.000000000000000000e+02 8.419000000000000809e-09 1.877999999999999925e-09
2.795999999999999874e-03 2.000000000000000000e+02 8.331999999999999765e-09 1.854999999999999901e-09
2.664000000000000135e-03 2.000000000000000000e+02 8.245999999999999856e-09 1.832000000000000084e-09
2.537999999999999892e-03 2.000000000000000000e+02 8.159999999999999946e-09 1.809999999999999953e-09
2.418000000000000010e-03 2.000000000000000000e+02 8.074999999999999515e-09 1.788000000000000029e-09
2.304000000000000058e-03 2.000000000000000000e+02 7.991999999999999699e-09 1.765999999999999899e-09
2.194999999999999903e-03 2.000000000000000000e+02 7.908999999999999882e-09 1.743999999999999975e-09
2.092000000000000109e-03 2.000000000000000000e+02 7.828000000000000679e-09 1.722999999999999944e-09
1.992999999999999980e-03 2.000000000000000000e+02 7.749000000000000434e-09 1.703000000000000013e-09
1.899000000000000080e-03 2.000000000000000000e+02 7.672000000000000804e-09 1.681999999999999982e-09
1.809000000000000061e-03 2.000000000000000000e+02 7.596000000000000653e-09 1.662999999999999944e-09
1.724000000000000055e-03 2.000000000000000000e+02 7.521999999999999461e-09 1.643999999999999906e-09
1.642999999999999929e-03 2.000000000000000000e+02 7.451000000000000016e-09 1.625000000000000075e-09
1.565999999999999901e-03 2.000000000000000000e+02 7.382000000000000358e-09 1.608000000000000031e-09
1.492000000000000054e-03 2.000000000000000000e+02 7.314000000000000179e-09 1.590000000000000093e-09
1.422000000000000087e-03 2.000000000000000000e+02 7.249000000000000093e-09 1.573000000000000048e-09
1.355000000000000085e-03 2.000000000000000000e+02 7.185999999999999794e-09 1.557000000000000103e-09
1.291000000000000047e-03 2.000000000000000000e+02 7.125000000000000108e-09 1.542000000000000052e-09
1.229999999999999974e-03 2.000000000000000000e+02 7.066000000000000208e-09 1.527000000000000000e-09
1.172000000000000082e-03 2.000000000000000000e+02 7.009000000000000095e-09 1.511999999999999949e-09
1.116999999999999937e-03 2.000000000000000000e+02 6.953999999999999768e-09 1.497999999999999997e-09
1.064999999999999974e-03 2.000000000000000000e+02 6.901000000000000054e-09 1.484999999999999938e-09
1.015000000000000060e-03 2.000000000000000000e+02 6.848999999999999820e-09 1.470999999999999987e-09
9.671000000000000343e-04 2.000000000000000000e+02 6.799000000000000199e-09 1.459000000000000028e-09
9.217000000000000149e-04 2.000000000000000000e+02 6.751000000000000365e-09 1.445999999999999970e-09
8.785000000000000491e-04 2.000000000000000000e+02 6.704000000000000011e-09 1.434999999999999904e-09
8.371999999999999668e-04 2.000000000000000000e+02 6.659000000000000269e-09 1.422999999999999946e-09
7.979999999999999897e-04 2.000000000000000000e+02 6.613999999999999701e-09 1.412000000000000087e-09
7.604999999999999998e-04 2.000000000000000000e+02 6.570999999999999746e-09 1.401000000000000022e-09
7.249000000000000018e-04 2.000000000000000000e+02 6.530000000000000405e-09 1.391000000000000056e-09
6.909000000000000427e-04 2.000000000000000000e+02 6.489000000000000236e-09 1.379999999999999991e-09
6.585000000000000141e-04 2.000000000000000000e+02 6.449000000000000374e-09 1.370000000000000025e-09
6.277000000000000244e-04 2.000000000000000000e+02 6.408999999999999685e-09 1.360000000000000060e-09
5.982999999999999603e-04 2.000000000000000000e+02 6.368000000000000344e-09 1.350000000000000094e-09
5.703000000000000387e-04 2.000000000000000000e+02 6.324000000000000082e-09 1.339000000000000029e-09
5.435999999999999860e-04 2.000000000000000000e+02 6.279000000000000341e-09 1.327999999999999964e-09
5.182000000000000191e-04 2.000000000000000000e+02 6.231999999999999986e-09 1.316000000000000005e-09
4.939000000000000248e-04 2.000000000000000000e+02 6.182999999999999845e-09 1.304000000000000046e-09
4.708000000000000054e-04 2.000000000000000000e+02 6.131999999999999918e-09 1.290999999999999988e-09
4.488000000000000127e-04 2.000000000000000000e+02 6.079000000000000204e-09 1.277999999999999929e-09
4.277999999999999902e-04 2.000000000000000000e+02 6.023999999999999877e-09 1.263999999999999978e-09
4.077999999999999919e-04 2.000000000000000000e+02 5.966999999999999764e-09 1.250000000000000026e-09
3.888000000000000180e-04 2.000000000000000000e+02 5.907000000000000385e-09 1.234999999999999975e-09
3.706000000000000093e-04 2.000000000000000000e+02 5.845999999999999872e-09 1.219999999999999923e-09
3.533000000000000224e-04 2.000000000000000000e+02 5.782000000000000093e-09 1.203999999999999978e-09
3.368000000000000009e-04 2.000000000000000000e+02 5.715999999999999700e-09 1.188000000000000033e-09
3.210999999999999987e-04 2.000000000000000000e+02 5.647000000000000042e-09 1.170999999999999989e-09
3.061000000000000136e-04 2.000000000000000000e+02 5.575999999999999770e-09 1.153999999999999944e-09
2.918999999999999937e-04 2.000000000000000000e+02 5.502000000000000232e-09 1.136000000000000006e-09
2.782999999999999884e-04 2.000000000000000000e+02 5.426000000000000081e-09 1.116999999999999968e-09
2.652999999999999976e-04 2.000000000000000000e+02 5.346999999999999837e-09 1.097999999999999931e-09
2.529000000000000215e-04 2.000000000000000000e+02 5.265999999999999806e-09 1.078000000000000000e-09
2.412000000000000081e-04 2.000000000000000000e+02 5.181999999999999683e-09 1.058000000000000069e-09
2.299000000000000045e-04 2.000000000000000000e+02 5.095000000000000294e-09 1.037000000000000038e-09
2.191999999999999884e-04 2.000000000000000000e+02 5.006000000000000291e-09 1.016000000000000007e-09
2.090000000000000115e-04 2.000000000000000000e+02 4.914000000000000195e-09 9.936999999999999910e-10
1.992999999999999926e-04 2.000000000000000000e+02 4.820000000000000313e-09 9.711999999999999136e-10
1.900000000000000105e-04 2.000000000000000000e+02 4.723000000000000337e-09 9.481000000000000657e-10
1.812000000000000134e-04 2.000000000000000000e+02 4.623000000000000269e-09 9.244999999999999611e-10
1.727999999999999990e-04 2.000000000000000000e+02 4.520999999999999587e-09 9.002999999999999826e-10
1.646999999999999918e-04 2.000000000000000000e+02 4.415999999999999640e-09 8.756999999999999849e-10
1.570999999999999968e-04 2.000000000000000000e+02 4.308999999999999906e-09 8.506000000000000405e-10
1.498000000000000091e-04 2.000000000000000000e+02 4.199000000000000079e-09 8.250999999999999735e-10
1.428000000000000016e-04 2.000000000000000000e+02 4.087999999999999945e-09 7.991999999999999905e-10
1.362000000000000038e-04 2.000000000000000000e+02 3.973000000000000239e-09 7.728999999999999883e-10
1.299000000000000133e-04 2.000000000000000000e+02 3.857000000000000226e-09 7.462999999999999974e-10
1.238000000000000005e-04 2.000000000000000000e+02 3.738999999999999599e-09 7.192999999999999873e-10
1.180999999999999975e-04 2.000000000000000000e+02 3.619000000000000014e-09 6.921000000000000192e-10
1.125999999999999994e-04 2.000000000000000000e+02 3.498000000000000121e-09 6.648000000000000204e-10
1.073999999999999949e-04 2.000000000000000000e+02 3.375000000000000029e-09 6.372000000000000330e-10
1.023999999999999954e-04 2.000000000000000000e+02 3.251000000000000044e-09 6.096000000000000456e-10
9.767999999999999990e-05 2.000000000000000000e+02 3.126000000000000165e-09 5.819000000000000275e-10
9.315999999999999574e-05 2.000000000000000000e+02 2.999000000000000087e-09 5.543000000000000401e-10
8.883999999999999645e-05 2.000000000000000000e+02 2.872999999999999902e-09 5.266999999999999493e-10
8.472999999999999683e-05 2.000000000000000000e+02 2.745999999999999823e-09 4.993000000000000232e-10
8.080999999999999371e-05 2.000000000000000000e+02 2.619000000000000158e-09 4.720999999999999517e-10
7.707000000000000580e-05 2.000000000000000000e+02 2.492000000000000080e-09 4.452000000000000239e-10
7.351000000000000600e-05 2.000000000000000000e+02 2.365999999999999895e-09 4.187000000000000120e-10
7.011000000000000467e-05 2.000000000000000000e+02 2.241000000000000016e-09 3.926000000000000194e-10
6.687000000000000181e-05 2.000000000000000000e+02 2.117000000000000031e-09 3.670000000000000251e-10
6.378000000000000260e-05 2.000000000000000000e+02 1.993999999999999938e-09 3.420000000000000081e-10
6.082999999999999866e-05 2.000000000000000000e+02 1.873000000000000046e-09 3.176000000000000199e-10
5.801999999999999676e-05 2.000000000000000000e+02 1.753999999999999940e-09 2.940000000000000187e-10
5.534000000000000209e-05 2.000000000000000000e+02 1.637999999999999927e-09 2.711000000000000254e-10
5.279000000000000109e-05 2.000000000000000000e+02 1.525000000000000007e-09 2.490999999999999980e-10
5.034999999999999735e-05 2.000000000000000000e+02 1.414999999999999973e-09 2.279999999999999881e-10
4.802999999999999923e-05 2.000000000000000000e+02 1.308000000000000033e-09 2.077999999999999959e-10
4.580999999999999677e-05 2.000000000000000000e+02 1.205000000000000078e-09 1.886000000000000001e-10
4.369999999999999834e-05 2.000000000000000000e+02 1.105999999999999903e-09 1.704000000000000009e-10
4.169000000000000234e-05 2.000000000000000000e+02 1.010999999999999921e-09 1.533000000000000031e-10
3.975999999999999879e-05 2.000000000000000000e+02 9.204000000000000476e-10 1.373000000000000067e-10
3.792999999999999768e-05 2.000000000000000000e+02 8.345999999999999924e-10 1.224000000000000116e-10
3.618999999999999740e-05 2.000000000000000000e+02 7.535999999999999619e-10 1.085000000000000001e-10
3.452000000000000153e-05 2.000000000000000000e+02 6.773999999999999562e-10 9.575000000000000539e-11
3.292999999999999812e-05 2.000000000000000000e+02 6.062000000000000366e-10 8.406000000000000492e-11
3.142000000000000072e-05 2.000000000000000000e+02 5.399999999999999964e-10 7.343999999999999403e-11
