#Wavelength[um] k_ext[m^2/kg] SSA
2.045620261684583108e-01 9.972250116952685858e+03 9.962918703603114157e-01
2.101198149326962139e-01 9.972250116952685858e+03 9.962761212068903527e-01
2.197201201214151189e-01 9.595341501848379266e+03 9.962489167402005519e-01
2.260327278651539928e-01 9.330466746745547425e+03 9.962310286497998435e-01
2.268673390070510554e-01 9.292970435861943770e+03 9.962286636050889932e-01
2.339681753786686802e-01 8.973953405345702777e+03 9.961560931707034161e-01
2.516058336963048481e-01 8.538281812489429285e+03 9.959758365842015237e-01
2.561660570161618522e-01 8.425638755130969002e+03 9.959758365842015237e-01
2.571176923012625237e-01 8.165819126073236475e+03 9.959758365842015237e-01
2.623746917734097184e-01 7.816649402222274148e+03 9.959758365842016348e-01
2.718238950996930137e-01 7.469220778535574937e+03 9.959758365842016348e-01
2.790403944609460840e-01 7.158491495258214854e+03 9.959758365842017458e-01
2.793168077917524972e-01 7.146589642036838995e+03 9.959785643067547989e-01
2.871936974420812305e-01 6.847173174394922171e+03 9.960562956140138757e-01
2.952927197705469964e-01 6.546437691477049157e+03 9.961362189874594097e-01
3.036201390424742019e-01 6.249659254387042893e+03 9.962183962445794183e-01
3.094643652466110839e-01 6.037187805574118102e+03 9.962760686715057545e-01
3.121823961789582103e-01 5.938371649261525818e+03 9.962480685674460767e-01
3.209861137386633700e-01 5.624446013584098182e+03 9.961573760720628945e-01
3.286388141627935022e-01 5.323215899937739778e+03 9.960785409103056764e-01
3.395551415070659496e-01 5.017830888172123196e+03 9.959660851255126568e-01
3.432102590130703401e-01 4.901370460849117080e+03 9.959284315177849845e-01
3.489150876903079901e-01 4.719601534278568579e+03 9.959645660380893606e-01
3.603100357661937481e-01 4.452764743952751815e+03 9.960367419097782005e-01
3.708145684101993300e-01 4.183289923075028128e+03 9.961032778689782319e-01
3.806312320966242502e-01 3.971579190570004812e+03 9.961654568498674589e-01
3.845848497804669197e-01 3.886313633693625889e+03 9.961401696614686774e-01
3.993934585522842529e-01 3.590164726621692807e+03 9.960454543627518254e-01
4.152152701320865336e-01 3.285831929314848367e+03 9.959442586573945544e-01
4.221368527777012991e-01 3.145187811582088216e+03 9.958999884779351497e-01
4.297039177966036072e-01 2.991427719721561971e+03 9.959410354544772082e-01
4.444691741549208763e-01 2.709422253722256755e+03 9.960211284799584952e-01
4.675650193337369531e-01 2.455931499779520436e+03 9.961464101595669529e-01
4.681632396990009770e-01 2.449290903876030370e+03 9.961496551610620198e-01
4.924370313872274973e-01 2.179837620426094873e+03 9.960069000631428526e-01
5.192141040924773687e-01 1.919321464107236807e+03 9.958494230737575670e-01
5.206026499575461264e-01 1.905812196846322422e+03 9.958525236465310959e-01
5.503792401219654851e-01 1.632776034723513931e+03 9.959190136970750284e-01
5.758265334851534467e-01 1.484127711886974794e+03 9.959758365842015237e-01
5.875804300455360618e-01 1.415468268009829899e+03 9.960350031514677571e-01
6.383769007203101697e-01 1.171285565048554645e+03 9.962907015731468086e-01
6.386090893374510857e-01 1.170076967544579247e+03 9.962918703603114157e-01
6.901312627477379502e-01 9.018916837445815418e+02 9.961632642886698585e-01
7.082442997489084568e-01 8.458545284412981573e+02 9.961180517834506976e-01
7.578044409787344504e-01 6.925279863065391055e+02 9.958949693643737167e-01
7.854756051400183514e-01 6.221290751722649475e+02 9.957704146297301495e-01
8.220457652458277309e-01 5.290900025676811538e+02 9.959323596451442606e-01
8.711150853917246639e-01 4.522535633049323565e+02 9.961496551610620198e-01
9.037537256484573511e-01 4.011455207999895265e+02 9.961985247544447031e-01
9.660966558540656779e-01 3.248634638053902677e+02 9.962918703603114157e-01
1.000772805201290083e+00 2.824341459639865093e+02 9.963074753051601729e-01
1.071436673317189836e+00 2.224897859127296158e+02 9.963392754267279550e-01
1.128944988767643487e+00 1.737053185573741700e+02 9.965026336942202079e-01
1.188255362000280480e+00 1.019513973960231255e+02 9.966711108916430639e-01
1.250138628768884930e+00 2.708477958695023702e+01 9.963188181727494763e-01
1.317841061335488728e+00 3.697634149612687793e+01 9.959333977628384016e-01
1.379005799382220454e+00 4.591272339721472662e+01 9.936912272172568894e-01
1.473550304853683768e+00 3.210378568472427219e+01 9.902254246619885958e-01
1.532953440343223006e+00 2.342750995816424364e+01 9.881321490234209470e-01
1.607086626249845551e+00 2.148288304678037974e+01 9.855198089375165615e-01
1.697517887004546200e+00 1.911073269139881603e+01 9.696919262626697567e-01
1.698871548246506213e+00 1.899159128860120305e+01 9.694549994395731396e-01
1.847431827825290140e+00 5.916178060847039788e+00 9.405988808704721649e-01
1.879748530428430042e+00 3.071849537148983345e+00 9.136362793167487339e-01
1.884768780678291566e+00 3.229232229612558402e+00 9.094477638964333366e-01
1.888866593778961045e+00 3.357696913024239116e+00 8.813398515299657454e-01
1.980909915177804459e+00 6.243215567286489076e+00 8.563331522723158784e-01
2.067784658628537109e+00 8.966701519353472705e+00 8.291653087090349317e-01
2.081541858674022194e+00 9.397983841181588360e+00 8.208526763708610119e-01
2.104770974585852272e+00 1.007115909949486721e+01 8.068167461323354495e-01
2.168422139253394221e+00 1.191575746387738377e+01 7.824950208220169401e-01
2.224450630056775235e+00 1.353945222318851194e+01 7.479184946865555794e-01
2.273766554899883108e+00 1.496861812735924602e+01 7.154010501539018740e-01
2.297139134581957176e+00 1.564595093781351842e+01 6.969078798841952249e-01
2.313229157647536116e+00 1.702055521345320344e+01 6.841769130742512139e-01
2.348001565149732794e+00 1.999123461098985999e+01 6.505667209849721466e-01
2.358186216245871325e+00 2.086133062549465222e+01 6.242704534285197226e-01
2.402145065504157628e+00 2.461682692878516221e+01 5.966481984428755325e-01
2.433911377385893360e+00 2.733068929902325550e+01 5.641788882853520093e-01
2.453614133909813422e+00 2.901393693945749064e+01 5.295020822017018070e-01
2.490096024750187542e+00 3.213066106895109186e+01 4.750678978815860987e-01
2.510626949459810131e+00 3.388466084717752835e+01 5.003874705775848142e-01
2.547622030915919211e+00 3.704522792280813803e+01 4.515128471022005208e-01
2.552442329228015172e+00 3.745703607514327871e+01 4.386095963162329747e-01
2.557857962528362172e+00 3.798593553985075744e+01 4.241127187134794418e-01
2.609609687686572421e+00 4.304009231448173267e+01 3.910351364880551017e-01
2.619412106878422186e+00 4.399741234999363826e+01 3.523414481589388636e-01
2.643677636745099591e+00 4.636722305274314948e+01 3.212437245897321603e-01
2.674776609999029553e+00 4.940439883528769371e+01 2.894586275574870804e-01
2.700425932151221176e+00 5.190935291988839140e+01 2.596984040764596102e-01
2.725731637942785390e+00 5.438074887765120025e+01 2.321854064819848240e-01
2.737094467441042678e+00 5.549046109520580217e+01 9.326090892630833906e-02
2.765924674486303303e+00 5.830606551817643890e+01 2.077220512201503055e-01
2.780316576527395167e+00 5.971160183563135604e+01 1.851153358681876249e-01
2.781687118350650412e+00 5.984545115601139287e+01 1.621712837226145787e-01
2.796216602274686380e+00 6.126442394159606408e+01 1.386394087534772446e-01
2.796843766228283457e+00 6.132567378274023895e+01 7.344559116422244571e-02
2.806405663975948706e+00 6.225950410688787429e+01 1.153097954010506854e-01
2.809375927191593902e+00 6.254958479323980924e+01 3.685967771138853877e-02
2.843046972585177912e+00 6.583795328075662212e+01 3.418712777311272433e-02
3.102790152173856342e+00 1.733928018698348978e+02 1.357070168764403645e-02
3.170872248500225865e+00 1.840761285180626317e+02 8.166865833786118856e-03
3.494334104814347253e+00 2.348332123287651996e+02 9.483179928429275735e-03
3.553082108393581073e+00 2.440443540137083573e+02 9.722252399058994854e-03
3.853212161404333980e+00 2.911019606345527109e+02 9.824363937877189992e-03
3.934317448968764008e+00 2.574038794499533083e+02 9.851957928003862719e-03
4.189311919293627007e+00 1.514573422922492796e+02 8.647728863453774117e-03
4.363496950571251531e+00 1.428731011781888469e+02 7.825127977219459297e-03
4.609542872051425100e+00 1.307473892290914819e+02 8.191097156325736692e-03
4.867304756206770833e+00 8.404864379616860504e+01 8.574492680956780077e-03
5.079657434606585475e+00 4.557668855310470235e+01 6.545023902710033099e-03
5.505264167855636437e+00 6.408704526695144921e+01 2.477471831083821741e-03
5.612563420622747934e+00 6.875367125918219813e+01 3.028015805818478571e-03
6.065532377825463506e+00 7.928749351722767358e+01 5.352163679159804843e-03
6.215079041357823186e+00 8.276521080421743193e+01 5.473245314827073112e-03
6.686978850581821732e+00 8.537315537332969484e+01 5.855322717440269997e-03
6.882275458731359485e+00 8.645245805291156671e+01 4.648016180289428825e-03
7.461078569440242170e+00 1.879413816859757844e+02 1.069906012871602030e-03
7.588559039362964498e+00 2.102941566405692413e+02 1.590264311268457277e-03
8.180145444934685983e+00 4.335213503007167333e+02 4.005041222152307817e-03
8.274028821886773244e+00 4.259335942200339105e+02 4.388260662025356140e-03
8.985161696391095631e+00 3.684590660567853888e+02 6.856129430417948548e-03
9.175594538907825282e+00 2.361899566321287978e+02 7.516995045512508966e-03
9.478974412318679654e+00 2.547112713246672655e+01 7.802503268308919049e-03
1.019983395469252940e+01 3.617372634033262102e+01 8.480898062647401758e-03
1.050611806860360176e+01 4.072112555229520581e+01 8.053635825146069488e-03
1.132125489270175756e+01 2.237404194187062956e+01 6.916530870904047390e-03
1.149205715148410434e+01 1.852962805933483281e+01 7.246413971928422453e-03
1.251576520043536433e+01 4.143099166299526459e+00 9.223577436505259186e-03
1.280767694406109669e+01 4.076086956521739885e-02 8.291577628763870458e-03
1.388175775118838473e+01 3.978332643405453339e+00 4.862311326189860949e-03
1.418259689521401334e+01 5.081206574417974409e+00 4.015132259971684187e-03
1.539680576815420920e+01 2.784156988445343472e+01 5.958553487075413102e-04
1.584219948123531374e+01 3.619048163403092389e+01 5.204008444499003778e-04
1.707574478640220406e+01 5.249828168875747281e+01 3.114249502083055177e-04
1.725344162812967141e+01 5.484748163553678779e+01 3.204736566581695644e-04
1.817396919225973662e+01 4.076086956521739885e-02 3.673489056825524264e-04
1.893760882868780726e+01 4.076086956521739885e-02 4.062350830413841152e-04
1.980112104198896716e+01 4.076086956521739885e-02 3.665879491537883672e-04
2.100256787158303595e+01 4.076086956521739885e-02 3.114249502083055177e-04
2.192679586145329651e+01 4.076086956521739885e-02 3.114249502083055177e-04
2.329264285125121248e+01 4.076086956521739885e-02 3.114249502083055177e-04
2.428066450027376177e+01 4.076086956521739885e-02 3.114249502083055177e-04
2.583242269770370214e+01 4.076086956521739885e-02 3.114249502083055177e-04
2.688722384702218449e+01 4.076086956521739885e-02 3.114249502083055177e-04
2.864913469434797832e+01 4.076086956521739885e-02 3.114249502083055177e-04
2.977360056153849399e+01 4.076086956521739885e-02 3.114249502083055177e-04
3.177297492920985178e+01 4.076086956521739885e-02 3.114249502083055177e-04
3.296983338412690756e+01 4.076086956521739885e-02 3.114249502083055177e-04
3.523743200702548961e+01 6.035763266960842088e+00 3.114249502083055177e-04
3.650918575099336039e+01 9.397983841181588360e+00 3.114249502083055177e-04
3.907964605820492210e+01 5.151273836478289070e+00 3.114249502083055177e-04
4.042849196933649125e+01 2.922817941036167433e+00 3.114249502083055177e-04
4.334080689336519754e+01 9.888631347852261388e-01 3.114249502083055177e-04
4.476854055476254501e+01 4.076086956521739885e-02 3.114249502083055177e-04
4.806659557177799513e+01 4.076086956521739885e-02 3.114249502083055177e-04
4.957449872044553985e+01 4.076086956521739885e-02 3.114249502083055177e-04
